
     Program QE v.6.beta (svn rev. 12871M) starts on 29Aug2016 at 11:49:32 

     This program is part of the open-source Quantum ESPRESSO suite
     for quantum simulation of materials; please cite
         "P. Giannozzi et al., J. Phys.:Condens. Matter 21 395502 (2009);
          URL http://www.quantum-espresso.org", 
     in publications or presentations arising from this work. More details at
     http://www.quantum-espresso.org/quote
 
           HOST :    @host@
           ARCH :    x86_64
             CC :    icc
            CPP :    cpp
            F90 :    mpif90
            F77 :    ifort
         DFLAGS :    -D__INTEL -D__DFTI -D__MPI -D__PARA -D__SCALAPACK
      BLAS LIBS :    -L/opt/intel/xe2016/mkl/lib/intel64 -lmkl_intel_lp64  -lmkl_sequential -lmkl_core
    LAPACK LIBS :    
       FFT LIBS :    
      MASS LIBS :    

     Parallel version (MPI), running on     4 processors
     R & G space division:  proc/nbgrp/npool/nimage =       4
 
     ***** This is GIPAW svn revision 416          *****
 
     Parallelizing q-star over 1 images

     Reading data from directory:
     /tmp/ceresoli/quartz.save

   Info: using nr1, nr2, nr3 values from input

   Info: using nr1, nr2, nr3 values from input

     IMPORTANT: XC functional enforced from input :
     Exchange-correlation      =  SLA  PW   PBX  PBC ( 1  4  3  4 0 0)
     Any further DFT definition will be discarded
     Please, verify this is what you really want

 
     Parallelization info
     --------------------
     sticks:   dense  smooth     PW     G-vecs:    dense   smooth      PW
     Min         595     238     70                25771     6540    1040
     Max         596     239     71                25774     6545    1043
     Sum        2383     955    283               103091    26171    4169
 

     Subspace diagonalization in iterative solution of the eigenvalue problem:
     a serial algorithm will be used

     GIPAW projectors -----------------------------------------------
     atom=  Si   l=0  rc=    2.0000  rs=    1.3333
     atom=  Si   l=0  rc=    2.0000  rs=    1.3333
     atom=  Si   l=1  rc=    2.0000  rs=    1.3333
     atom=  Si   l=1  rc=    2.0000  rs=    1.3333
     atom=  Si   l=2  rc=    2.0000  rs=    1.3333
     atom=  Si   l=2  rc=    2.0000  rs=    1.3333
     projs nearly linearly dependent: l=1  n1,n2= 1, 2  s=  0.99854623
     projs nearly linearly dependent: l=2  n1,n2= 1, 2  s=  0.99998260
 
     atom=  O    l=0  rc=    1.3000  rs=    0.8667
     atom=  O    l=0  rc=    1.3000  rs=    0.8667
     atom=  O    l=1  rc=    1.3000  rs=    0.8667
     atom=  O    l=1  rc=    1.3000  rs=    0.8667
     projs nearly linearly dependent: l=1  n1,n2= 1, 2  s=  0.99505596
     -----------------------------------------------------------------
 
     GIPAW integrals: -------------------------------------------
     Atom  i/j   nmr_para   nmr_dia   epr_rmc  epr_para   epr_dia
       Si  1 1   0.12E+04  0.28E+00  0.91E+01  0.33E+05  0.89E+01
       Si  2 1  -0.12E+04 -0.22E+00 -0.93E+01 -0.33E+05 -0.87E+01
       Si  2 2   0.12E+04  0.12E+00  0.94E+01  0.34E+05  0.86E+01
       Si  3 3   0.14E+02  0.32E+00  0.78E+01  0.36E+03  0.89E+01
       Si  4 3   0.14E+02  0.31E+00  0.79E+01  0.36E+03  0.88E+01
       Si  4 4   0.14E+02  0.30E+00  0.79E+01  0.37E+03  0.88E+01
       Si  5 5   0.13E+00  0.19E-01  0.20E+00  0.40E+01  0.39E+00
       Si  6 5   0.13E+00  0.19E-01  0.20E+00  0.41E+01  0.40E+00
       Si  6 6   0.13E+00  0.20E-01  0.21E+00  0.42E+01  0.41E+00
       O   1 1   0.81E+03 -0.32E+00  0.65E+01  0.14E+05  0.71E+01
       O   2 1   0.90E+03 -0.37E+00  0.70E+01  0.16E+05  0.81E+01
       O   2 2   0.10E+04 -0.44E+00  0.76E+01  0.17E+05  0.92E+01
       O   3 3   0.10E+02  0.89E+00  0.59E+01  0.17E+03  0.14E+02
       O   4 3   0.12E+02  0.10E+01  0.73E+01  0.21E+03  0.16E+02
       O   4 4   0.15E+02  0.12E+01  0.89E+01  0.24E+03  0.19E+02
     ------------------------------------------------------------
 
     alpha_pv=     38.7331 eV
 
     Number of occupied bands for each k-point:
     k-point:     1    nbnd_occ=  24
     k-point:     2    nbnd_occ=  24
     k-point:     3    nbnd_occ=  24
     k-point:     4    nbnd_occ=  24
     k-point:     5    nbnd_occ=  24
     k-point:     6    nbnd_occ=  24
     k-point:     7    nbnd_occ=  24
     k-point:     8    nbnd_occ=  24
     k-point:     9    nbnd_occ=  24
     k-point:    10    nbnd_occ=  24
     k-point:    11    nbnd_occ=  24
     k-point:    12    nbnd_occ=  24
     k-point:    13    nbnd_occ=  24
     k-point:    14    nbnd_occ=  24
     k-point:    15    nbnd_occ=  24
     k-point:    16    nbnd_occ=  24
     k-point:    17    nbnd_occ=  24
     k-point:    18    nbnd_occ=  24
     k-point:    19    nbnd_occ=  24
     k-point:    20    nbnd_occ=  24
 
 
     GIPAW job: efg                                                                             
 
 
     ELECTRIC FIELD GRADIENTS TENSORS IN Hartree/bohrradius^2:
 
     ----- bare term -----
     Si   1       -0.016442       -0.047888        0.012576
     Si   1       -0.047888        0.038699        0.007185
     Si   1        0.012576        0.007185       -0.022257
 
     Si   2       -0.016566        0.047826       -0.012485
     Si   2        0.047826        0.038844        0.007293
     Si   2       -0.012485        0.007293       -0.022278
 
     Si   3        0.066384        0.000032       -0.000035
     Si   3        0.000032       -0.044114       -0.014474
     Si   3       -0.000035       -0.014474       -0.022270
 
     O    4        0.080924       -0.157318        0.150327
     O    4       -0.157318       -0.076376        0.172705
     O    4        0.150327        0.172705       -0.004548
 
     O    5       -0.173124        0.010412       -0.223821
     O    5        0.010412        0.177592        0.043405
     O    5       -0.223821        0.043405       -0.004468
 
     O    6        0.099289        0.147021        0.074720
     O    6        0.147021       -0.094492       -0.216244
     O    6        0.074720       -0.216244       -0.004797
 
     O    7        0.076344        0.156689       -0.146642
     O    7        0.156689       -0.074105        0.172698
     O    7       -0.146642        0.172698       -0.002239
 
     O    8       -0.172333       -0.013338        0.223786
     O    8       -0.013338        0.174647        0.041090
     O    8        0.223786        0.041090       -0.002315
 
     O    9        0.099113       -0.143231       -0.075912
     O    9       -0.143231       -0.097123       -0.213651
     O    9       -0.075912       -0.213651       -0.001990
 
     ----- ionic term -----
     Si   1        0.013316        0.040669       -0.011879
     Si   1        0.040669       -0.033651       -0.006858
     Si   1       -0.011879       -0.006858        0.020336
 
     Si   2        0.013316       -0.040669        0.011879
     Si   2       -0.040669       -0.033651       -0.006858
     Si   2        0.011879       -0.006858        0.020336
 
     Si   3       -0.057134       -0.000000        0.000000
     Si   3       -0.000000        0.036798        0.013714
     Si   3        0.000000        0.013714        0.020336
 
     O    4       -0.141456        0.279815       -0.289692
     O    4        0.279815        0.134902       -0.327260
     O    4       -0.289692       -0.327260        0.006554
 
     O    5        0.308142       -0.020241        0.428262
     O    5       -0.020241       -0.314696       -0.087251
     O    5        0.428262       -0.087251        0.006553
 
     O    6       -0.176515       -0.259574       -0.138569
     O    6       -0.259574        0.169962        0.414510
     O    6       -0.138569        0.414510        0.006553
 
     O    7       -0.141456       -0.279815        0.289692
     O    7       -0.279815        0.134902       -0.327260
     O    7        0.289692       -0.327260        0.006554
 
     O    8        0.308142        0.020241       -0.428262
     O    8        0.020241       -0.314696       -0.087251
     O    8       -0.428262       -0.087251        0.006553
 
     O    9       -0.176515        0.259574        0.138569
     O    9        0.259574        0.169962        0.414510
     O    9        0.138569        0.414510        0.006553
 
     ----- GIPAW term -----
     Si   1       -0.024293       -0.053566        0.015588
     Si   1       -0.053566        0.039138        0.003184
     Si   1        0.015588        0.003184       -0.014844
 
     Si   2       -0.023336        0.055101       -0.010397
     Si   2        0.055101        0.038752        0.011833
     Si   2       -0.010397        0.011833       -0.015416
 
     Si   3        0.070313       -0.001096       -0.005148
     Si   3       -0.001096       -0.055166       -0.015005
     Si   3       -0.005148       -0.015005       -0.015147
 
     O    4       -0.125601        0.262590       -0.295118
     O    4        0.262590        0.119503       -0.333841
     O    4       -0.295118       -0.333841        0.006099
 
     O    5        0.285970       -0.025496        0.438654
     O    5       -0.025496       -0.292228       -0.089663
     O    5        0.438654       -0.089663        0.006258
 
     O    6       -0.169019       -0.236782       -0.140877
     O    6       -0.236782        0.163535        0.423162
     O    6       -0.140877        0.423162        0.005484
 
     O    7       -0.136668       -0.264155        0.303738
     O    7       -0.264155        0.125035       -0.333502
     O    7        0.303738       -0.333502        0.011633
 
     O    8        0.287891        0.018482       -0.438692
     O    8        0.018482       -0.299362       -0.095297
     O    8       -0.438692       -0.095297        0.011471
 
     O    9       -0.169439        0.245982        0.137640
     O    9        0.245982        0.157201        0.429143
     O    9        0.137640        0.429143        0.012238
 
     ----- total EFG -----
     Si   1       -0.027420       -0.060785        0.016285
     Si   1       -0.060785        0.044185        0.003510
     Si   1        0.016285        0.003510       -0.016765
 
     Si   2       -0.026587        0.062257       -0.011003
     Si   2        0.062257        0.043945        0.012268
     Si   2       -0.011003        0.012268       -0.017358
 
     Si   3        0.079563       -0.001064       -0.005183
     Si   3       -0.001064       -0.062482       -0.015765
     Si   3       -0.005183       -0.015765       -0.017081
 
     O    4       -0.186134        0.385087       -0.434483
     O    4        0.385087        0.178030       -0.488396
     O    4       -0.434483       -0.488396        0.008104
 
     O    5        0.420989       -0.035325        0.643096
     O    5       -0.035325       -0.429332       -0.133509
     O    5        0.643096       -0.133509        0.008343
 
     O    6       -0.246246       -0.349335       -0.204726
     O    6       -0.349335        0.239005        0.621428
     O    6       -0.204726        0.621428        0.007241
 
     O    7       -0.201780       -0.387281        0.446788
     O    7       -0.387281        0.185833       -0.488064
     O    7        0.446788       -0.488064        0.015947
 
     O    8        0.423700        0.025385       -0.643168
     O    8        0.025385       -0.439411       -0.141458
     O    8       -0.643168       -0.141458        0.015710
 
     O    9       -0.246841        0.362325        0.200297
     O    9        0.362325        0.230040        0.630002
     O    9        0.200297        0.630002        0.016801
 
     ----- total EFG (symmetrized) -----
     Si   1       -0.027003       -0.061521        0.013644
     Si   1       -0.061521        0.044065        0.007889
     Si   1        0.013644        0.007889       -0.017062
 
     Si   2       -0.027003        0.061521       -0.013644
     Si   2        0.061521        0.044065        0.007889
     Si   2       -0.013644        0.007889       -0.017062
 
     Si   3        0.079563       -0.000000        0.000000
     Si   3       -0.000000       -0.062482       -0.015765
     Si   3        0.000000       -0.015765       -0.017081
 
     O    4       -0.193957        0.386184       -0.440635
     O    4        0.386184        0.181931       -0.488230
     O    4       -0.440635       -0.488230        0.012026
 
     O    5        0.422345       -0.030355        0.643132
     O    5       -0.030355       -0.434371       -0.137483
     O    5        0.643132       -0.137483        0.012027
 
     O    6       -0.246543       -0.355830       -0.202511
     O    6       -0.355830        0.234522        0.625715
     O    6       -0.202511        0.625715        0.012021
 
     O    7       -0.193957       -0.386184        0.440635
     O    7       -0.386184        0.181931       -0.488230
     O    7        0.440635       -0.488230        0.012026
 
     O    8        0.422345        0.030355       -0.643132
     O    8        0.030355       -0.434371       -0.137483
     O    8       -0.643132       -0.137483        0.012027
 
     O    9       -0.246543        0.355830        0.202511
     O    9        0.355830        0.234522        0.625715
     O    9        0.202511        0.625715        0.012021
 
 
     NQR/NMR SPECTROSCOPIC PARAMETERS:
     Si   1    Vxx=   -0.0121    axis=(  0.258624  0.149150  0.954394)
     Si   1    Vyy=   -0.0674    axis=(  0.826562  0.477141 -0.298550)
     Si   1    Vzz=    0.0796    axis=( -0.499909  0.866078  0.000119)
     Si   1  Q=         1.0000 1e-30 m^2  Cq=         0.1870 MHz  eta= 0.69510
 
     Si   2    Vxx=   -0.0121    axis=( -0.258624  0.149150  0.954394)
     Si   2    Vyy=   -0.0674    axis=( -0.826562  0.477141 -0.298550)
     Si   2    Vzz=    0.0796    axis=( -0.499909 -0.866078 -0.000119)
     Si   2  Q=         1.0000 1e-30 m^2  Cq=         0.1870 MHz  eta= 0.69510
 
     Si   3    Vxx=   -0.0121    axis=(  0.000000  0.298861 -0.954297)
     Si   3    Vyy=   -0.0674    axis=(  0.000000 -0.954297 -0.298861)
     Si   3    Vzz=    0.0796    axis=(  1.000000  0.000000  0.000000)
     Si   3  Q=         1.0000 1e-30 m^2  Cq=         0.1869 MHz  eta= 0.69474
 
     O    4    Vxx=   -0.3572    axis=(  0.409562 -0.755901 -0.510756)
     O    4    Vyy=   -0.5435    axis=(  0.782222  0.002871  0.622994)
     O    4    Vzz=    0.9007    axis=(  0.469455  0.654679 -0.592458)
     O    4  Q=         2.5500 1e-30 m^2  Cq=         5.3964 MHz  eta= 0.20682
 
     O    5    Vxx=   -0.3572    axis=(  0.449795  0.732773 -0.510616)
     O    5    Vyy=   -0.5434    axis=( -0.393686  0.675844  0.623094)
     O    5    Vzz=    0.9006    axis=( -0.801683  0.079243 -0.592474)
     O    5  Q=         2.5500 1e-30 m^2  Cq=         5.3962 MHz  eta= 0.20679
 
     O    6    Vxx=   -0.3573    axis=(  0.859416 -0.023279  0.510747)
     O    6    Vyy=   -0.5434    axis=( -0.388637 -0.678840  0.623006)
     O    6    Vzz=    0.9007    axis=( -0.332213  0.733917  0.592453)
     O    6  Q=         2.5500 1e-30 m^2  Cq=         5.3965 MHz  eta= 0.20671
 
     O    7    Vxx=   -0.3572    axis=(  0.409562  0.755901  0.510756)
     O    7    Vyy=   -0.5435    axis=(  0.782222 -0.002871 -0.622994)
     O    7    Vzz=    0.9007    axis=(  0.469455 -0.654679  0.592458)
     O    7  Q=         2.5500 1e-30 m^2  Cq=         5.3964 MHz  eta= 0.20682
 
     O    8    Vxx=   -0.3572    axis=(  0.449795 -0.732773  0.510616)
     O    8    Vyy=   -0.5434    axis=( -0.393686 -0.675844 -0.623094)
     O    8    Vzz=    0.9006    axis=( -0.801683 -0.079243  0.592474)
     O    8  Q=         2.5500 1e-30 m^2  Cq=         5.3962 MHz  eta= 0.20679
 
     O    9    Vxx=   -0.3573    axis=(  0.859416  0.023279 -0.510747)
     O    9    Vyy=   -0.5434    axis=( -0.388637  0.678840 -0.623006)
     O    9    Vzz=    0.9007    axis=( -0.332213 -0.733917 -0.592453)
     O    9  Q=         2.5500 1e-30 m^2  Cq=         5.3965 MHz  eta= 0.20671
 
     Initialization:
     gipaw_setup  :      0.12s CPU      0.13s WALL (       1 calls)
 
     Linear response
 
     Apply operators
 
     Induced current
 
     Other routines
     efg          :      0.22s CPU      0.23s WALL (       1 calls)
 
     General routines
     calbec       :      0.01s CPU      0.02s WALL (      20 calls)
     fft          :      0.08s CPU      0.09s WALL (      15 calls)
     ffts         :      0.00s CPU      0.00s WALL (       2 calls)
     fftw         :      0.11s CPU      0.10s WALL (     480 calls)
     davcio       :      0.00s CPU      0.00s WALL (      40 calls)
 
     Parallel routines
     fft_scatter  :      0.10s CPU      0.11s WALL (     497 calls)
 
     Plugins
 
     GIPAW        :      0.92s CPU      0.96s WALL (       1 calls)
