
     Program GIPAW v.4.3        starts on 14Apr2011 at 15:59:39 

     This program is part of the open-source Quantum ESPRESSO suite
     for quantum simulation of materials; please cite
         "P. Giannozzi et al., J. Phys.:Condens. Matter 21 395502 (2009);
          URL http://www.quantum-espresso.org", 
     in publications or presentations arising from this work. More details at
     http://www.quantum-espresso.org/wiki/index.php/Citing_Quantum-ESPRESSO

   Info: using nr1, nr2, nr3 values from input

   Info: using nr1s, nr2s, nr3s values from input
 
   Stick Mesh
   ----------
   nst =  2383,  nstw =   283, nsts =   955
               n.st   n.stw   n.sts    n.g    n.gw   n.gs
   min        2383     283     955  103091    4169   26171
   max        2383     283     955  103091    4169   26171
       2383     283     955  103091    4169   26171
 
     init_paw_1: ntyp= 1  rc=    2.0000  rs=    1.3333
     init_paw_1: ntyp= 1  rc=    2.0000  rs=    1.3333
     init_paw_1: ntyp= 1  rc=    2.0000  rs=    1.3333
     init_paw_1: ntyp= 1  rc=    2.0000  rs=    1.3333
     init_paw_1: ntyp= 1  rc=    2.0000  rs=    1.3333
     init_paw_1: ntyp= 1  rc=    2.0000  rs=    1.3333

     init_gipaw_1: projectors nearly linearly dependent:
     ntyp =  1, l/n1/n2 =  1 2 1  0.99854623
     init_gipaw_1: projectors nearly linearly dependent:
     ntyp =  1, l/n1/n2 =  2 2 1  0.99998260
     init_paw_1: ntyp= 2  rc=    1.3000  rs=    0.8667
     init_paw_1: ntyp= 2  rc=    1.3000  rs=    0.8667
     init_paw_1: ntyp= 2  rc=    1.3000  rs=    0.8667
     init_paw_1: ntyp= 2  rc=    1.3000  rs=    0.8667
     init_gipaw_1: projectors nearly linearly dependent:
     ntyp =  2, l/n1/n2 =  1 2 1  0.99505596

DIA (NMR) :  1      0  0          0.2849
PARA (NMR):  1      0  0       1164.7749
RMC (SO)  :  1      0  0          9.0936
DIA (SO)  :  1      0  0          8.8704
PARA (SO) :  1      0  0      32779.1427
DIA (NMR) :  1      0  0         -0.2197
PARA (NMR):  1      0  0      -1178.9850
RMC (SO)  :  1      0  0         -9.3049
DIA (SO)  :  1      0  0         -8.7375
PARA (SO) :  1      0  0     -33241.7838
DIA (NMR) :  1      0  0          0.1211
PARA (NMR):  1      0  0       1191.5214
RMC (SO)  :  1      0  0          9.4067
DIA (SO)  :  1      0  0          8.5843
PARA (SO) :  1      0  0      33710.8925
DIA (NMR) :  1      1  1          0.3232
PARA (NMR):  1      1  1         13.9304
RMC (SO)  :  1      1  1          7.8398
DIA (SO)  :  1      1  1          8.8839
PARA (SO) :  1      1  1        359.5633
DIA (NMR) :  1      1  1          0.3109
PARA (NMR):  1      1  1         14.0367
RMC (SO)  :  1      1  1          7.8802
DIA (SO)  :  1      1  1          8.8181
PARA (SO) :  1      1  1        363.2878
DIA (NMR) :  1      1  1          0.2976
PARA (NMR):  1      1  1         14.1406
RMC (SO)  :  1      1  1          7.9121
DIA (SO)  :  1      1  1          8.7595
PARA (SO) :  1      1  1        367.0650
DIA (NMR) :  1      2  2          0.0188
PARA (NMR):  1      2  2          0.1290
RMC (SO)  :  1      2  2          0.1957
DIA (SO)  :  1      2  2          0.3892
PARA (SO) :  1      2  2          4.0412
DIA (NMR) :  1      2  2          0.0195
PARA (NMR):  1      2  2          0.1313
RMC (SO)  :  1      2  2          0.2010
DIA (SO)  :  1      2  2          0.3999
PARA (SO) :  1      2  2          4.1040
DIA (NMR) :  1      2  2          0.0202
PARA (NMR):  1      2  2          0.1336
RMC (SO)  :  1      2  2          0.2065
DIA (SO)  :  1      2  2          0.4110
PARA (SO) :  1      2  2          4.1676
DIA (NMR) :  2      0  0         -0.3164
PARA (NMR):  2      0  0        814.4952
RMC (SO)  :  2      0  0          6.4914
DIA (SO)  :  2      0  0          7.0816
PARA (SO) :  2      0  0      13982.0310
DIA (NMR) :  2      0  0         -0.3710
PARA (NMR):  2      0  0        901.2823
RMC (SO)  :  2      0  0          7.0331
DIA (SO)  :  2      0  0          8.1055
PARA (SO) :  2      0  0      15549.0035
DIA (NMR) :  2      0  0         -0.4378
PARA (NMR):  2      0  0        996.9232
RMC (SO)  :  2      0  0          7.6237
DIA (SO)  :  2      0  0          9.2353
PARA (SO) :  2      0  0      17291.6072
DIA (NMR) :  2      1  1          0.8862
PARA (NMR):  2      1  1         10.2924
RMC (SO)  :  2      1  1          5.9461
DIA (SO)  :  2      1  1         14.0535
PARA (SO) :  2      1  1        174.8050
DIA (NMR) :  2      1  1          1.0389
PARA (NMR):  2      1  1         12.2214
RMC (SO)  :  2      1  1          7.2906
DIA (SO)  :  2      1  1         16.4774
PARA (SO) :  2      1  1        206.5709
DIA (NMR) :  2      1  1          1.2158
PARA (NMR):  2      1  1         14.5078
RMC (SO)  :  2      1  1          8.9358
DIA (SO)  :  2      1  1         19.2846
PARA (SO) :  2      1  1        244.0893
     GIPAW        :     2.92s CPU         3.15s WALL

 
     ELECTRIC FIELD GRADIENTS TENSORS IN Hartree/bohrradius:
 
     ----- bare term -----
     Si   1       -0.016442       -0.047888        0.012576
     Si   1       -0.047888        0.038699        0.007185
     Si   1        0.012576        0.007185       -0.022257
 
     Si   2       -0.016566        0.047826       -0.012485
     Si   2        0.047826        0.038844        0.007293
     Si   2       -0.012485        0.007293       -0.022278
 
     Si   3        0.066384        0.000032       -0.000035
     Si   3        0.000032       -0.044114       -0.014474
     Si   3       -0.000035       -0.014474       -0.022270
 
     O    4        0.080924       -0.157318        0.150327
     O    4       -0.157318       -0.076376        0.172705
     O    4        0.150327        0.172705       -0.004548
 
     O    5       -0.173124        0.010412       -0.223821
     O    5        0.010412        0.177592        0.043405
     O    5       -0.223821        0.043405       -0.004468
 
     O    6        0.099289        0.147021        0.074720
     O    6        0.147021       -0.094492       -0.216244
     O    6        0.074720       -0.216244       -0.004797
 
     O    7        0.076344        0.156689       -0.146642
     O    7        0.156689       -0.074105        0.172698
     O    7       -0.146642        0.172698       -0.002239
 
     O    8       -0.172333       -0.013338        0.223786
     O    8       -0.013338        0.174647        0.041090
     O    8        0.223786        0.041090       -0.002315
 
     O    9        0.099113       -0.143231       -0.075912
     O    9       -0.143231       -0.097123       -0.213651
     O    9       -0.075912       -0.213651       -0.001990
 
     ----- ionic term -----
     Si   1        0.013316        0.040669       -0.011879
     Si   1        0.040669       -0.033651       -0.006858
     Si   1       -0.011879       -0.006858        0.020336
 
     Si   2        0.013316       -0.040669        0.011879
     Si   2       -0.040669       -0.033651       -0.006858
     Si   2        0.011879       -0.006858        0.020336
 
     Si   3       -0.057134        0.000000        0.000000
     Si   3        0.000000        0.036798        0.013714
     Si   3        0.000000        0.013714        0.020336
 
     O    4       -0.141456        0.279815       -0.289692
     O    4        0.279815        0.134902       -0.327260
     O    4       -0.289692       -0.327260        0.006554
 
     O    5        0.308142       -0.020241        0.428262
     O    5       -0.020241       -0.314696       -0.087251
     O    5        0.428262       -0.087251        0.006553
 
     O    6       -0.176515       -0.259574       -0.138569
     O    6       -0.259574        0.169962        0.414510
     O    6       -0.138569        0.414510        0.006553
 
     O    7       -0.141456       -0.279815        0.289692
     O    7       -0.279815        0.134902       -0.327260
     O    7        0.289692       -0.327260        0.006554
 
     O    8        0.308142        0.020241       -0.428262
     O    8        0.020241       -0.314696       -0.087251
     O    8       -0.428262       -0.087251        0.006553
 
     O    9       -0.176515        0.259574        0.138569
     O    9        0.259574        0.169962        0.414510
     O    9        0.138569        0.414510        0.006553
 
     ----- GIPAW term -----
     Si   1       -0.024293       -0.053566        0.015588
     Si   1       -0.053566        0.039138        0.003184
     Si   1        0.015588        0.003184       -0.014844
 
     Si   2       -0.023336        0.055101       -0.010397
     Si   2        0.055101        0.038752        0.011833
     Si   2       -0.010397        0.011833       -0.015415
 
     Si   3        0.070313       -0.001096       -0.005148
     Si   3       -0.001096       -0.055166       -0.015005
     Si   3       -0.005148       -0.015005       -0.015147
 
     O    4       -0.125601        0.262590       -0.295118
     O    4        0.262590        0.119503       -0.333841
     O    4       -0.295118       -0.333841        0.006099
 
     O    5        0.285970       -0.025496        0.438654
     O    5       -0.025496       -0.292228       -0.089663
     O    5        0.438654       -0.089663        0.006258
 
     O    6       -0.169019       -0.236782       -0.140877
     O    6       -0.236782        0.163535        0.423162
     O    6       -0.140877        0.423162        0.005484
 
     O    7       -0.136668       -0.264155        0.303738
     O    7       -0.264155        0.125035       -0.333502
     O    7        0.303738       -0.333502        0.011633
 
     O    8        0.287891        0.018482       -0.438692
     O    8        0.018482       -0.299362       -0.095297
     O    8       -0.438692       -0.095297        0.011471
 
     O    9       -0.169439        0.245982        0.137640
     O    9        0.245982        0.157201        0.429143
     O    9        0.137640        0.429143        0.012237
 
     ----- total EFG -----
     Si   1       -0.027420       -0.060785        0.016285
     Si   1       -0.060785        0.044185        0.003510
     Si   1        0.016285        0.003510       -0.016765
 
     Si   2       -0.026587        0.062258       -0.011003
     Si   2        0.062258        0.043945        0.012268
     Si   2       -0.011003        0.012268       -0.017358
 
     Si   3        0.079563       -0.001064       -0.005183
     Si   3       -0.001064       -0.062482       -0.015764
     Si   3       -0.005183       -0.015764       -0.017081
 
     O    4       -0.186134        0.385087       -0.434483
     O    4        0.385087        0.178030       -0.488396
     O    4       -0.434483       -0.488396        0.008104
 
     O    5        0.420989       -0.035325        0.643096
     O    5       -0.035325       -0.429332       -0.133509
     O    5        0.643096       -0.133509        0.008343
 
     O    6       -0.246246       -0.349335       -0.204726
     O    6       -0.349335        0.239005        0.621428
     O    6       -0.204726        0.621428        0.007241
 
     O    7       -0.201780       -0.387281        0.446788
     O    7       -0.387281        0.185833       -0.488064
     O    7        0.446788       -0.488064        0.015947
 
     O    8        0.423701        0.025385       -0.643168
     O    8        0.025385       -0.439411       -0.141458
     O    8       -0.643168       -0.141458        0.015710
 
     O    9       -0.246841        0.362325        0.200297
     O    9        0.362325        0.230040        0.630002
     O    9        0.200297        0.630002        0.016801
 
     ----- total EFG (symmetrized) -----
     Si   1       -0.027004       -0.061521        0.013644
     Si   1       -0.061521        0.044065        0.007889
     Si   1        0.013644        0.007889       -0.017062
 
     Si   2       -0.027004        0.061521       -0.013644
     Si   2        0.061521        0.044065        0.007889
     Si   2       -0.013644        0.007889       -0.017062
 
     Si   3        0.079563        0.000000        0.000000
     Si   3        0.000000       -0.062482       -0.015764
     Si   3        0.000000       -0.015764       -0.017081
 
     O    4       -0.193957        0.386184       -0.440635
     O    4        0.386184        0.181931       -0.488230
     O    4       -0.440635       -0.488230        0.012026
 
     O    5        0.422345       -0.030355        0.643132
     O    5       -0.030355       -0.434371       -0.137483
     O    5        0.643132       -0.137483        0.012026
 
     O    6       -0.246543       -0.355830       -0.202511
     O    6       -0.355830        0.234523        0.625715
     O    6       -0.202511        0.625715        0.012021
 
     O    7       -0.193957       -0.386184        0.440635
     O    7       -0.386184        0.181931       -0.488230
     O    7        0.440635       -0.488230        0.012026
 
     O    8        0.422345        0.030355       -0.643132
     O    8        0.030355       -0.434371       -0.137483
     O    8       -0.643132       -0.137483        0.012026
 
     O    9       -0.246543        0.355830        0.202511
     O    9        0.355830        0.234523        0.625715
     O    9        0.202511        0.625715        0.012021
 
 
     NQR/NMR SPECTROSCOPIC PARAMETERS:
     Si   1    Vxx=   -0.0121    axis=(  0.258622  0.149148  0.954395)
     Si   1    Vyy=   -0.0674    axis=(  0.826562  0.477142 -0.298547)
     Si   1    Vzz=    0.0796    axis=( -0.499909  0.866078  0.000119)
     Si   1    Q= 1.00 1e-30 m^2    Cq=   0.1870 MHz    eta= 0.69510
 
     Si   2    Vxx=   -0.0121    axis=( -0.258622  0.149148  0.954395)
     Si   2    Vyy=   -0.0674    axis=( -0.826562  0.477142 -0.298547)
     Si   2    Vzz=    0.0796    axis=( -0.499909 -0.866078 -0.000119)
     Si   2    Q= 1.00 1e-30 m^2    Cq=   0.1870 MHz    eta= 0.69510
 
     Si   3    Vxx=   -0.0121    axis=(  0.000000  0.298858 -0.954298)
     Si   3    Vyy=   -0.0674    axis=(  0.000000 -0.954298 -0.298858)
     Si   3    Vzz=    0.0796    axis=(  1.000000  0.000000  0.000000)
     Si   3    Q= 1.00 1e-30 m^2    Cq=   0.1869 MHz    eta= 0.69474
 
     O    4    Vxx=   -0.3572    axis=(  0.409562 -0.755901 -0.510756)
     O    4    Vyy=   -0.5435    axis=(  0.782222  0.002871  0.622994)
     O    4    Vzz=    0.9007    axis=(  0.469455  0.654679 -0.592458)
     O    4    Q= 2.55 1e-30 m^2    Cq=   5.3964 MHz    eta= 0.20682
 
     O    5    Vxx=   -0.3572    axis=(  0.449795  0.732773 -0.510615)
     O    5    Vyy=   -0.5434    axis=( -0.393686  0.675844  0.623095)
     O    5    Vzz=    0.9006    axis=( -0.801683  0.079243 -0.592474)
     O    5    Q= 2.55 1e-30 m^2    Cq=   5.3962 MHz    eta= 0.20679
 
     O    6    Vxx=   -0.3573    axis=(  0.859416 -0.023279  0.510747)
     O    6    Vyy=   -0.5434    axis=( -0.388637 -0.678840  0.623007)
     O    6    Vzz=    0.9007    axis=( -0.332213  0.733917  0.592453)
     O    6    Q= 2.55 1e-30 m^2    Cq=   5.3965 MHz    eta= 0.20671
 
     O    7    Vxx=   -0.3572    axis=(  0.409562  0.755901  0.510756)
     O    7    Vyy=   -0.5435    axis=(  0.782222 -0.002871 -0.622994)
     O    7    Vzz=    0.9007    axis=(  0.469455 -0.654679  0.592458)
     O    7    Q= 2.55 1e-30 m^2    Cq=   5.3964 MHz    eta= 0.20682
 
     O    8    Vxx=   -0.3572    axis=(  0.449795 -0.732773  0.510615)
     O    8    Vyy=   -0.5434    axis=( -0.393686 -0.675844 -0.623095)
     O    8    Vzz=    0.9006    axis=( -0.801683 -0.079243  0.592474)
     O    8    Q= 2.55 1e-30 m^2    Cq=   5.3962 MHz    eta= 0.20679
 
     O    9    Vxx=   -0.3573    axis=(  0.859416  0.023279 -0.510747)
     O    9    Vyy=   -0.5434    axis=( -0.388637  0.678840 -0.623007)
     O    9    Vzz=    0.9007    axis=( -0.332213 -0.733917 -0.592453)
     O    9    Q= 2.55 1e-30 m^2    Cq=   5.3965 MHz    eta= 0.20671
 
 
     GIPAW        :     4.70s CPU         5.04s WALL

     INITIALIZATION:
     gipaw_setup  :      1.03s CPU      1.09s WALL (       1 calls)
 
     Linear response
 
     Apply operators
 
     Induced current
 
     Other routines
     efg          :      1.78s CPU      1.89s WALL (       1 calls)
 
     General routines
     calbec       :      0.16s CPU      0.18s WALL (      20 calls)
     fft          :      0.20s CPU      0.22s WALL (      15 calls)
     ffts         :      0.02s CPU      0.01s WALL (       2 calls)
     fftw         :      0.78s CPU      0.82s WALL (     480 calls)
     davcio       :      0.00s CPU      0.06s WALL (      40 calls)
 
 
 ----- PRACE -----
